31516189
28159740
28576876
29973460
31371409
31717629
30411262
30261200
30245209
29429960
31767149
31338814
29620253
28920959
32780298
31530245
28479420
29222245
29455672
31138265
31734352
27509925
30855193
28084835
31741613
26984787
27605552
31373443
30019447
28377326
30514753
31371419
31907378
26825700
28122740
31817512
30079458
31896780
29179894
26391311
27506934
27643437
29321163
29031704
29070525
30405627
29548831
30403573
31014376
27406834
26934052
27581149
31681270
31015764
27852702
27621309
29404396
31082688
29284680
30747249
27630125
28862699
28881589
26923266
30504286
26785332
31690995
28445830
28827408
27793879
31063749
26860637
27026248
27300546
28219836
28599273
31921143
26743340
31253168
26787415
28330607
27486815
32001531
27211268
26637365
26607903
30457973
28331814
28319094
32849491
32050659
28089908
32109580
31955503
32708713
26583567